{
	"metadata": {
		"type": "App"
	},
	"project": {
		"shadows": true,
		"shadowType": 1,
		"vr": false,
		"physicallyCorrectLights": false,
		"toneMapping": 0,
		"toneMappingExposure": 1
	},
	"camera": {
		"metadata": {
			"version": 4.5,
			"type": "Object",
			"generator": "Object3D.toJSON"
		},
		"object": {
			"uuid": "f311158d-091f-460b-8318-9c7ba677a3f3",
			"type": "PerspectiveCamera",
			"name": "Camera",
			"layers": 1,
			"matrix": [0.995140063750551,-3.469446951953614e-18,0.09846955630320176,0,0.02681447070610398,0.9622089247498266,-0.27098887300502605,0,-0.09474828589109627,0.27231229339084684,0.9575326507168914,0,-1.0914604705868434,6.403684024302397,10.27768955170092,1],
			"fov": 50,
			"zoom": 1,
			"near": 0.01,
			"far": 1000,
			"focus": 10,
			"aspect": 1.8317757009345794,
			"filmGauge": 35,
			"filmOffset": 0
		}
	},
	"scene": {
		"metadata": {
			"version": 4.5,
			"type": "Object",
			"generator": "Object3D.toJSON"
		},
		"geometries": [
			{
				"uuid": "b169e5f2-a8e3-43ee-ac5d-36e0455704db",
				"type": "SphereGeometry",
				"radius": 0.53,
				"widthSegments": 32,
				"heightSegments": 16,
				"phiStart": 0,
				"phiLength": 6.283185307179586,
				"thetaStart": 0,
				"thetaLength": 3.141592653589793
			},
			{
				"uuid": "dc92986e-15ae-42de-8040-f2ff1c8e2913",
				"type": "SphereGeometry",
				"radius": 0.53,
				"widthSegments": 32,
				"heightSegments": 16,
				"phiStart": 0,
				"phiLength": 6.283185307179586,
				"thetaStart": 0,
				"thetaLength": 3.141592653589793
			},
			{
				"uuid": "c80260b4-3766-485f-8700-c38770eabffb",
				"type": "SphereGeometry",
				"radius": 0.53,
				"widthSegments": 32,
				"heightSegments": 16,
				"phiStart": 0,
				"phiLength": 6.283185307179586,
				"thetaStart": 0,
				"thetaLength": 3.141592653589793
			},
			{
				"uuid": "87fb0f59-34d5-466f-b35f-0852e95bf67b",
				"type": "SphereGeometry",
				"radius": 0.56,
				"widthSegments": 32,
				"heightSegments": 16,
				"phiStart": 0,
				"phiLength": 6.283185307179586,
				"thetaStart": 0,
				"thetaLength": 3.141592653589793
			},
			{
				"uuid": "1cd44501-d40e-421c-bbca-29c9e00ba94f",
				"type": "CylinderGeometry",
				"radiusTop": 0.05,
				"radiusBottom": 0.05,
				"height": 0.56,
				"radialSegments": 32,
				"heightSegments": 1,
				"openEnded": false,
				"thetaStart": 0,
				"thetaLength": 6.283185307179586
			},
			{
				"uuid": "399d7264-0d5c-4633-9d6f-005c6678702f",
				"type": "CylinderGeometry",
				"radiusTop": 0.05,
				"radiusBottom": 0.05,
				"height": 0.56,
				"radialSegments": 32,
				"heightSegments": 1,
				"openEnded": false,
				"thetaStart": 0,
				"thetaLength": 6.283185307179586
			},
			{
				"uuid": "42d9496d-8c31-41bc-b09e-18b15ee1d1cc",
				"type": "CylinderGeometry",
				"radiusTop": 0.05,
				"radiusBottom": 0.05,
				"height": 0.56,
				"radialSegments": 32,
				"heightSegments": 1,
				"openEnded": false,
				"thetaStart": 0,
				"thetaLength": 6.283185307179586
			}],
		"materials": [
			{
				"uuid": "03dd0637-edc7-47f2-a7c5-d90ddf8a8322",
				"type": "MeshStandardMaterial",
				"color": 16711422,
				"roughness": 1,
				"metalness": 0,
				"emissive": 16711422,
				"envMapIntensity": 1,
				"depthFunc": 3,
				"depthTest": true,
				"depthWrite": true,
				"colorWrite": true,
				"stencilWrite": false,
				"stencilWriteMask": 255,
				"stencilFunc": 519,
				"stencilRef": 0,
				"stencilFuncMask": 255,
				"stencilFail": 7680,
				"stencilZFail": 7680,
				"stencilZPass": 7680
			},
			{
				"uuid": "eded7436-c51e-4132-8c45-3af571db3d26",
				"type": "MeshStandardMaterial",
				"color": 16711422,
				"roughness": 1,
				"metalness": 0,
				"emissive": 16711422,
				"envMapIntensity": 1,
				"depthFunc": 3,
				"depthTest": true,
				"depthWrite": true,
				"colorWrite": true,
				"stencilWrite": false,
				"stencilWriteMask": 255,
				"stencilFunc": 519,
				"stencilRef": 0,
				"stencilFuncMask": 255,
				"stencilFail": 7680,
				"stencilZFail": 7680,
				"stencilZPass": 7680
			},
			{
				"uuid": "d870773b-59d8-469a-9eea-e2ae42c49202",
				"type": "MeshStandardMaterial",
				"color": 16711422,
				"roughness": 1,
				"metalness": 0,
				"emissive": 16711422,
				"envMapIntensity": 1,
				"depthFunc": 3,
				"depthTest": true,
				"depthWrite": true,
				"colorWrite": true,
				"stencilWrite": false,
				"stencilWriteMask": 255,
				"stencilFunc": 519,
				"stencilRef": 0,
				"stencilFuncMask": 255,
				"stencilFail": 7680,
				"stencilZFail": 7680,
				"stencilZPass": 7680
			},
			{
				"uuid": "10e51750-e9a6-452f-a90c-a8b71b24b3ee",
				"type": "MeshStandardMaterial",
				"color": 16711422,
				"roughness": 1,
				"metalness": 0,
				"emissive": 8453760,
				"envMapIntensity": 1,
				"depthFunc": 3,
				"depthTest": true,
				"depthWrite": true,
				"colorWrite": true,
				"stencilWrite": false,
				"stencilWriteMask": 255,
				"stencilFunc": 519,
				"stencilRef": 0,
				"stencilFuncMask": 255,
				"stencilFail": 7680,
				"stencilZFail": 7680,
				"stencilZPass": 7680
			},
			{
				"uuid": "36a50804-c494-48ce-b1cc-9f31e6615cc3",
				"type": "MeshStandardMaterial",
				"color": 16711422,
				"roughness": 1,
				"metalness": 0,
				"emissive": 0,
				"envMapIntensity": 1,
				"depthFunc": 3,
				"depthTest": true,
				"depthWrite": true,
				"colorWrite": true,
				"stencilWrite": false,
				"stencilWriteMask": 255,
				"stencilFunc": 519,
				"stencilRef": 0,
				"stencilFuncMask": 255,
				"stencilFail": 7680,
				"stencilZFail": 7680,
				"stencilZPass": 7680
			},
			{
				"uuid": "c78f9f5d-7c3f-4153-9d74-88db52f987c6",
				"type": "MeshStandardMaterial",
				"color": 16711422,
				"roughness": 1,
				"metalness": 0,
				"emissive": 0,
				"envMapIntensity": 1,
				"depthFunc": 3,
				"depthTest": true,
				"depthWrite": true,
				"colorWrite": true,
				"stencilWrite": false,
				"stencilWriteMask": 255,
				"stencilFunc": 519,
				"stencilRef": 0,
				"stencilFuncMask": 255,
				"stencilFail": 7680,
				"stencilZFail": 7680,
				"stencilZPass": 7680
			},
			{
				"uuid": "28be8121-3ca8-4527-896e-bd305c019226",
				"type": "MeshStandardMaterial",
				"color": 16711422,
				"roughness": 1,
				"metalness": 0,
				"emissive": 0,
				"envMapIntensity": 1,
				"depthFunc": 3,
				"depthTest": true,
				"depthWrite": true,
				"colorWrite": true,
				"stencilWrite": false,
				"stencilWriteMask": 255,
				"stencilFunc": 519,
				"stencilRef": 0,
				"stencilFuncMask": 255,
				"stencilFail": 7680,
				"stencilZFail": 7680,
				"stencilZPass": 7680
			}],
		"object": {
			"uuid": "fcabc156-e39b-4a3f-9f6d-c8e9eefa6c96",
			"type": "Scene",
			"name": "Scene",
			"layers": 1,
			"matrix": [1,0,0,0,0,1,0,0,0,0,1,0,0,0,0,1],
			"children": [
				{
					"uuid": "821dde86-a07a-4df1-a15e-aaac658ec4ca",
					"type": "Mesh",
					"name": "Sphere",
					"layers": 1,
					"matrix": [1,0,0,0,0,1,0,0,0,0,1,0,-1.1190369345423203,2.185112174661152,0,1],
					"geometry": "b169e5f2-a8e3-43ee-ac5d-36e0455704db",
					"material": "03dd0637-edc7-47f2-a7c5-d90ddf8a8322"
				},
				{
					"uuid": "1dbcdab8-a93f-470b-91fd-5e4577ee2cef",
					"type": "Mesh",
					"name": "Sphere",
					"layers": 1,
					"matrix": [1,0,0,0,0,1,0,0,0,0,1,0,0.5464118712820702,2.241758472443252,0.8434724396454538,1],
					"geometry": "dc92986e-15ae-42de-8040-f2ff1c8e2913",
					"material": "eded7436-c51e-4132-8c45-3af571db3d26"
				},
				{
					"uuid": "79be4841-d5cc-409d-a0cd-3d1d905a5454",
					"type": "Mesh",
					"name": "Sphere",
					"layers": 1,
					"matrix": [1,0,0,0,0,1,0,0,0,0,1,0,0.8289838729134464,2.34321963295351,-0.5941018580738815,1],
					"geometry": "c80260b4-3766-485f-8700-c38770eabffb",
					"material": "d870773b-59d8-469a-9eea-e2ae42c49202"
				},
				{
					"uuid": "c5ed2bb1-74b3-4d12-9ab8-a74702680309",
					"type": "Mesh",
					"name": "Sphere",
					"layers": 1,
					"matrix": [1,0,0,0,0,1,0,0,0,0,1,0,-0.07447847293336807,3.4808163701420476,0,1],
					"geometry": "87fb0f59-34d5-466f-b35f-0852e95bf67b",
					"material": "10e51750-e9a6-452f-a90c-a8b71b24b3ee"
				},
				{
					"uuid": "a1b1327a-197d-48ca-ab91-f860e7d81c49",
					"type": "Mesh",
					"name": "Cylinder",
					"layers": 1,
					"matrix": [0.7478937345146305,-1.3877787807814457e-16,-0.6638184705729115,0,-0.38779940792301515,0.8116133582720982,-0.43691575376592406,0,0.5387639381847289,0.5841949646088083,0.6070005455000802,0,0.2924003174370715,2.8788686628749263,0.4562792752637839,1],
					"geometry": "1cd44501-d40e-421c-bbca-29c9e00ba94f",
					"material": "36a50804-c494-48ce-b1cc-9f31e6615cc3"
				},
				{
					"uuid": "cfc2269c-c1b7-4e5f-991a-7316e4642ba6",
					"type": "Mesh",
					"name": "Cylinder",
					"layers": 1,
					"matrix": [0.7870504098370379,-0.6168886871837987,0,0,0.6168886871837987,0.7870504098370379,0,0,0,0,1,0,-0.6068192326432915,2.827610523968485,0,1],
					"geometry": "399d7264-0d5c-4633-9d6f-005c6678702f",
					"material": "c78f9f5d-7c3f-4153-9d74-88db52f987c6"
				},
				{
					"uuid": "177bf51f-003d-44c7-9947-8818d5a336d2",
					"type": "Mesh",
					"name": "Cylinder",
					"layers": 1,
					"matrix": [0.667204327783014,0.6651516663236248,-0.3352784600515245,0,-0.5943312537897316,0.7467082835933356,0.29865883543237126,0,0.4490086254810055,2.7755575615628914e-17,0.8935274222113488,0,0.37339243580970227,2.912331216887895,-0.36440827139160803,1],
					"geometry": "42d9496d-8c31-41bc-b09e-18b15ee1d1cc",
					"material": "28be8121-3ca8-4527-896e-bd305c019226"
				}]
		}
	},
	"scripts": {}
}